$MeshFormat
2.2 0 8
$EndMeshFormat
$PhysicalNames
4
1 2 "bottom"
1 3 "top"
1 4 "lateral"
2 1 "plug"
$EndPhysicalNames
$Nodes
185
1 -0.1 -0.5 0
2 0.1 -0.5 0
3 0.1 0.5 0
4 -0.1 0.5 0
5 -0.05000000000013342 -0.5 0
6 -3.031741524495146e-13 -0.5 0
7 0.04999999999987087 -0.5 0
8 0.1 -0.4722222222222855 0
9 0.1 -0.4444444444445652 0
10 0.1 -0.416666666666873 0
11 0.1 -0.3888888888891969 0
12 0.1 -0.3611111111114728 0
13 0.1 -0.3333333333337872 0
14 0.1 -0.3055555555560906 0
15 0.1 -0.2777777777783941 0
16 0.1 -0.2500000000006933 0
17 0.1 -0.2222222222229925 0
18 0.1 -0.1944444444452917 0
19 0.1 -0.1666666666675909 0
20 0.1 -0.1388888888898901 0
21 0.1 -0.1111111111121893 0
22 0.1 -0.08333333333448845 0
23 0.1 -0.05555555555678765 0
24 0.1 -0.02777777777908691 0
25 0.1 -1.386168957395739e-12 0
26 0.1 0.02777777777646873 0
27 0.1 0.05555555555432368 0
28 0.1 0.08333333333217841 0
29 0.1 0.1111111111100331 0
30 0.1 0.1388888888878879 0
31 0.1 0.1666666666657427 0
32 0.1 0.1944444444435974 0
33 0.1 0.2222222222214523 0
34 0.1 0.249999999999307 0
35 0.1 0.2777777777771617 0
36 0.1 0.3055555555550165 0
37 0.1 0.3333333333328713 0
38 0.1 0.361111111110726 0
39 0.1 0.3888888888885809 0
40 0.1 0.4166666666664356 0
41 0.1 0.4444444444442904 0
42 0.1 0.4722222222221452 0
43 0.05000000000013342 0.5 0
44 3.031741524495146e-13 0.5 0
45 -0.04999999999987087 0.5 0
46 -0.1 0.4722222222222855 0
47 -0.1 0.4444444444445652 0
48 -0.1 0.416666666666873 0
49 -0.1 0.3888888888891969 0
50 -0.1 0.3611111111114728 0
51 -0.1 0.3333333333337872 0
52 -0.1 0.3055555555560906 0
53 -0.1 0.2777777777783941 0
54 -0.1 0.2500000000006933 0
55 -0.1 0.2222222222229925 0
56 -0.1 0.1944444444452917 0
57 -0.1 0.1666666666675909 0
58 -0.1 0.1388888888898901 0
59 -0.1 0.1111111111121893 0
60 -0.1 0.08333333333448845 0
61 -0.1 0.05555555555678765 0
62 -0.1 0.02777777777908691 0
63 -0.1 1.386168957395739e-12 0
64 -0.1 -0.02777777777646873 0
65 -0.1 -0.05555555555432368 0
66 -0.1 -0.08333333333217841 0
67 -0.1 -0.1111111111100331 0
68 -0.1 -0.1388888888878879 0
69 -0.1 -0.1666666666657427 0
70 -0.1 -0.1944444444435974 0
71 -0.1 -0.2222222222214523 0
72 -0.1 -0.249999999999307 0
73 -0.1 -0.2777777777771617 0
74 -0.1 -0.3055555555550165 0
75 -0.1 -0.3333333333328713 0
76 -0.1 -0.361111111110726 0
77 -0.1 -0.3888888888885809 0
78 -0.1 -0.4166666666664356 0
79 -0.1 -0.4444444444442904 0
80 -0.1 -0.4722222222221452 0
81 0 -0.3888888888888889 0
82 -1.515870762247573e-13 -0.4444444444444278 0
83 0 -0.2777777777777779 0
84 0 -0.3333333333333293 0
85 0 -0.1666666666666668 0
86 0 -0.2222222222222224 0
87 0 -0.05555555555555566 0
88 0 -0.1111111111111112 0
89 0 0.05555555555555566 0
90 0 0 0
91 0 0.1666666666666668 0
92 0 0.1111111111111112 0
93 0 0.2777777777777779 0
94 0 0.2222222222222224 0
95 0 0.3888888888888889 0
96 0 0.3333333333333293 0
97 1.515870762247573e-13 0.4444444444444279 0
98 -2.27380614337136e-13 -0.4722222222222139 0
99 -0.0500000000000758 -0.4444444444443591 0
100 -0.05000000000010461 -0.4722222222221795 0
101 0.04999999999992421 -0.4444444444444965 0
102 0.04999999999989754 -0.4722222222222497 0
103 0.05 -0.3888888888890429 0
104 -7.579353811237866e-14 -0.4166666666666583 0
105 0.0499999999999621 -0.4166666666667657 0
106 -0.05 -0.3888888888887349 0
107 -0.0500000000000379 -0.4166666666665469 0
108 0 -0.3611111111111091 0
109 -0.05 -0.3333333333331003 0
110 -0.05 -0.3611111111109175 0
111 0.05 -0.3333333333335582 0
112 0.05 -0.3611111111112909 0
113 0.05 -0.277777777778086 0
114 0 -0.3055555555555536 0
115 0.05 -0.3055555555558221 0
116 -0.05 -0.2777777777774698 0
117 -0.05 -0.305555555555285 0
118 0 -0.2500000000000001 0
119 -0.05 -0.2222222222218373 0
120 -0.05 -0.2499999999996536 0
121 0.05 -0.2222222222226074 0
122 0.05 -0.2500000000003467 0
123 0.05 -0.1666666666671288 0
124 0 -0.1944444444444446 0
125 0.05 -0.1944444444448681 0
126 -0.05 -0.1666666666662047 0
127 -0.05 -0.194444444444021 0
128 0 -0.138888888888889 0
129 -0.05 -0.1111111111105722 0
130 -0.05 -0.1388888888883884 0
131 0.05 -0.1111111111116503 0
132 0.05 -0.1388888888893896 0
133 0.05 -0.05555555555617166 0
134 0 -0.08333333333333344 0
135 0.05 -0.08333333333391094 0
136 -0.05 -0.05555555555493967 0
137 -0.05 -0.08333333333275593 0
138 0 -0.02777777777777783 0
139 -0.05 6.930844786978696e-13 0
140 -0.05 -0.02777777777712328 0
141 0.05 -6.930844786978696e-13 0
142 0.05 -0.02777777777843237 0
143 0.05 0.05555555555493967 0
144 0 0.02777777777777783 0
145 0.05 0.02777777777712328 0
146 -0.05 0.05555555555617166 0
147 -0.05 0.02777777777843237 0
148 0 0.08333333333333344 0
149 -0.05 0.1111111111116503 0
150 -0.05 0.08333333333391094 0
151 0.05 0.1111111111105722 0
152 0.05 0.08333333333275593 0
153 0.05 0.1666666666662047 0
154 0 0.138888888888889 0
155 0.05 0.1388888888883884 0
156 -0.05 0.1666666666671288 0
157 -0.05 0.1388888888893896 0
158 0 0.1944444444444446 0
159 -0.05 0.2222222222226074 0
160 -0.05 0.1944444444448681 0
161 0.05 0.2222222222218373 0
162 0.05 0.194444444444021 0
163 0.05 0.2777777777774698 0
164 0 0.2500000000000001 0
165 0.05 0.2499999999996536 0
166 -0.05 0.277777777778086 0
167 -0.05 0.2500000000003467 0
168 0 0.3055555555555536 0
169 -0.05 0.3333333333335582 0
170 -0.05 0.3055555555558221 0
171 0.05 0.3333333333331003 0
172 0.05 0.305555555555285 0
173 0.05 0.3888888888887349 0
174 0 0.3611111111111091 0
175 0.05 0.3611111111109175 0
176 -0.05 0.3888888888890429 0
177 -0.05 0.3611111111112909 0
178 7.579353811237866e-14 0.4166666666666584 0
179 -0.04999999999992421 0.4444444444444965 0
180 -0.04999999999996211 0.4166666666667658 0
181 0.0500000000000758 0.4444444444443592 0
182 0.0500000000000379 0.4166666666665471 0
183 2.27380614337136e-13 0.4722222222222139 0
184 0.0500000000001046 0.4722222222221796 0
185 -0.04999999999989754 0.4722222222222497 0
$EndNodes
$Elements
224
1 1 2 2 1 1 5
2 1 2 2 1 5 6
3 1 2 2 1 6 7
4 1 2 2 1 7 2
5 1 2 4 2 2 8
6 1 2 4 2 8 9
7 1 2 4 2 9 10
8 1 2 4 2 10 11
9 1 2 4 2 11 12
10 1 2 4 2 12 13
11 1 2 4 2 13 14
12 1 2 4 2 14 15
13 1 2 4 2 15 16
14 1 2 4 2 16 17
15 1 2 4 2 17 18
16 1 2 4 2 18 19
17 1 2 4 2 19 20
18 1 2 4 2 20 21
19 1 2 4 2 21 22
20 1 2 4 2 22 23
21 1 2 4 2 23 24
22 1 2 4 2 24 25
23 1 2 4 2 25 26
24 1 2 4 2 26 27
25 1 2 4 2 27 28
26 1 2 4 2 28 29
27 1 2 4 2 29 30
28 1 2 4 2 30 31
29 1 2 4 2 31 32
30 1 2 4 2 32 33
31 1 2 4 2 33 34
32 1 2 4 2 34 35
33 1 2 4 2 35 36
34 1 2 4 2 36 37
35 1 2 4 2 37 38
36 1 2 4 2 38 39
37 1 2 4 2 39 40
38 1 2 4 2 40 41
39 1 2 4 2 41 42
40 1 2 4 2 42 3
41 1 2 3 3 3 43
42 1 2 3 3 43 44
43 1 2 3 3 44 45
44 1 2 3 3 45 4
45 1 2 4 4 4 46
46 1 2 4 4 46 47
47 1 2 4 4 47 48
48 1 2 4 4 48 49
49 1 2 4 4 49 50
50 1 2 4 4 50 51
51 1 2 4 4 51 52
52 1 2 4 4 52 53
53 1 2 4 4 53 54
54 1 2 4 4 54 55
55 1 2 4 4 55 56
56 1 2 4 4 56 57
57 1 2 4 4 57 58
58 1 2 4 4 58 59
59 1 2 4 4 59 60
60 1 2 4 4 60 61
61 1 2 4 4 61 62
62 1 2 4 4 62 63
63 1 2 4 4 63 64
64 1 2 4 4 64 65
65 1 2 4 4 65 66
66 1 2 4 4 66 67
67 1 2 4 4 67 68
68 1 2 4 4 68 69
69 1 2 4 4 69 70
70 1 2 4 4 70 71
71 1 2 4 4 71 72
72 1 2 4 4 72 73
73 1 2 4 4 73 74
74 1 2 4 4 74 75
75 1 2 4 4 75 76
76 1 2 4 4 76 77
77 1 2 4 4 77 78
78 1 2 4 4 78 79
79 1 2 4 4 79 80
80 1 2 4 4 80 1
81 3 2 1 6 1 5 100 80
82 3 2 1 6 5 6 98 100
83 3 2 1 6 100 98 82 99
84 3 2 1 6 80 100 99 79
85 3 2 1 6 6 7 102 98
86 3 2 1 6 7 2 8 102
87 3 2 1 6 102 8 9 101
88 3 2 1 6 98 102 101 82
89 3 2 1 6 82 101 105 104
90 3 2 1 6 101 9 10 105
91 3 2 1 6 105 10 11 103
92 3 2 1 6 104 105 103 81
93 3 2 1 6 79 99 107 78
94 3 2 1 6 99 82 104 107
95 3 2 1 6 107 104 81 106
96 3 2 1 6 78 107 106 77
97 3 2 1 6 77 106 110 76
98 3 2 1 6 106 81 108 110
99 3 2 1 6 110 108 84 109
100 3 2 1 6 76 110 109 75
101 3 2 1 6 81 103 112 108
102 3 2 1 6 103 11 12 112
103 3 2 1 6 112 12 13 111
104 3 2 1 6 108 112 111 84
105 3 2 1 6 84 111 115 114
106 3 2 1 6 111 13 14 115
107 3 2 1 6 115 14 15 113
108 3 2 1 6 114 115 113 83
109 3 2 1 6 75 109 117 74
110 3 2 1 6 109 84 114 117
111 3 2 1 6 117 114 83 116
112 3 2 1 6 74 117 116 73
113 3 2 1 6 73 116 120 72
114 3 2 1 6 116 83 118 120
115 3 2 1 6 120 118 86 119
116 3 2 1 6 72 120 119 71
117 3 2 1 6 83 113 122 118
118 3 2 1 6 113 15 16 122
119 3 2 1 6 122 16 17 121
120 3 2 1 6 118 122 121 86
121 3 2 1 6 86 121 125 124
122 3 2 1 6 121 17 18 125
123 3 2 1 6 125 18 19 123
124 3 2 1 6 124 125 123 85
125 3 2 1 6 71 119 127 70
126 3 2 1 6 119 86 124 127
127 3 2 1 6 127 124 85 126
128 3 2 1 6 70 127 126 69
129 3 2 1 6 69 126 130 68
130 3 2 1 6 126 85 128 130
131 3 2 1 6 130 128 88 129
132 3 2 1 6 68 130 129 67
133 3 2 1 6 85 123 132 128
134 3 2 1 6 123 19 20 132
135 3 2 1 6 132 20 21 131
136 3 2 1 6 128 132 131 88
137 3 2 1 6 88 131 135 134
138 3 2 1 6 131 21 22 135
139 3 2 1 6 135 22 23 133
140 3 2 1 6 134 135 133 87
141 3 2 1 6 67 129 137 66
142 3 2 1 6 129 88 134 137
143 3 2 1 6 137 134 87 136
144 3 2 1 6 66 137 136 65
145 3 2 1 6 65 136 140 64
146 3 2 1 6 136 87 138 140
147 3 2 1 6 140 138 90 139
148 3 2 1 6 64 140 139 63
149 3 2 1 6 87 133 142 138
150 3 2 1 6 133 23 24 142
151 3 2 1 6 142 24 25 141
152 3 2 1 6 138 142 141 90
153 3 2 1 6 90 141 145 144
154 3 2 1 6 141 25 26 145
155 3 2 1 6 145 26 27 143
156 3 2 1 6 144 145 143 89
157 3 2 1 6 63 139 147 62
158 3 2 1 6 139 90 144 147
159 3 2 1 6 147 144 89 146
160 3 2 1 6 62 147 146 61
161 3 2 1 6 61 146 150 60
162 3 2 1 6 146 89 148 150
163 3 2 1 6 150 148 92 149
164 3 2 1 6 60 150 149 59
165 3 2 1 6 89 143 152 148
166 3 2 1 6 143 27 28 152
167 3 2 1 6 152 28 29 151
168 3 2 1 6 148 152 151 92
169 3 2 1 6 92 151 155 154
170 3 2 1 6 151 29 30 155
171 3 2 1 6 155 30 31 153
172 3 2 1 6 154 155 153 91
173 3 2 1 6 59 149 157 58
174 3 2 1 6 149 92 154 157
175 3 2 1 6 157 154 91 156
176 3 2 1 6 58 157 156 57
177 3 2 1 6 57 156 160 56
178 3 2 1 6 156 91 158 160
179 3 2 1 6 160 158 94 159
180 3 2 1 6 56 160 159 55
181 3 2 1 6 91 153 162 158
182 3 2 1 6 153 31 32 162
183 3 2 1 6 162 32 33 161
184 3 2 1 6 158 162 161 94
185 3 2 1 6 94 161 165 164
186 3 2 1 6 161 33 34 165
187 3 2 1 6 165 34 35 163
188 3 2 1 6 164 165 163 93
189 3 2 1 6 55 159 167 54
190 3 2 1 6 159 94 164 167
191 3 2 1 6 167 164 93 166
192 3 2 1 6 54 167 166 53
193 3 2 1 6 53 166 170 52
194 3 2 1 6 166 93 168 170
195 3 2 1 6 170 168 96 169
196 3 2 1 6 52 170 169 51
197 3 2 1 6 93 163 172 168
198 3 2 1 6 163 35 36 172
199 3 2 1 6 172 36 37 171
200 3 2 1 6 168 172 171 96
201 3 2 1 6 96 171 175 174
202 3 2 1 6 171 37 38 175
203 3 2 1 6 175 38 39 173
204 3 2 1 6 174 175 173 95
205 3 2 1 6 51 169 177 50
206 3 2 1 6 169 96 174 177
207 3 2 1 6 177 174 95 176
208 3 2 1 6 50 177 176 49
209 3 2 1 6 49 176 180 48
210 3 2 1 6 176 95 178 180
211 3 2 1 6 180 178 97 179
212 3 2 1 6 48 180 179 47
213 3 2 1 6 95 173 182 178
214 3 2 1 6 173 39 40 182
215 3 2 1 6 182 40 41 181
216 3 2 1 6 178 182 181 97
217 3 2 1 6 97 181 184 183
218 3 2 1 6 181 41 42 184
219 3 2 1 6 184 42 3 43
220 3 2 1 6 183 184 43 44
221 3 2 1 6 47 179 185 46
222 3 2 1 6 179 97 183 185
223 3 2 1 6 185 183 44 45
224 3 2 1 6 46 185 45 4
$EndElements
