$MeshFormat
4.1 0 8
$EndMeshFormat
$PhysicalNames
4
1 2 "bottom"
1 3 "top"
1 4 "lateral"
2 1 "plug"
$EndPhysicalNames
$Entities
4 4 1 0
1 -0.025 -0.05 0 0 
2 0.025 -0.05 0 0 
3 0.025 0.05 0 0 
4 -0.025 0.05 0 0 
1 -0.025 -0.05 0 0.025 -0.05 0 1 2 2 1 -2 
2 0.025 -0.05 0 0.025 0.05 0 1 4 2 2 -3 
3 -0.025 0.05 0 0.025 0.05 0 1 3 2 3 -4 
4 -0.025 -0.05 0 -0.025 0.05 0 1 4 2 4 -1 
6 -0.025 -0.05 0 0.025 0.05 0 1 1 4 1 2 3 4 
$EndEntities
$Nodes
9 405 1 406
0 1 0 1
1
-0.025 -0.05 0
0 2 0 1
2
0.025 -0.05 0
0 3 0 1
3
0.025 0.05 0
0 4 0 1
4
-0.025 0.05 0
1 1 0 3
125
44
126
-0.01250000000003335 -0.05 0
-7.579353811237866e-14 -0.05 0
0.01249999999996772 -0.05 0
1 2 0 79
127
45
128
5
129
46
130
6
131
47
132
7
133
48
134
8
135
49
136
9
137
50
138
10
139
51
140
11
141
52
142
12
143
53
144
13
145
54
146
14
147
55
148
15
149
56
150
16
151
57
152
17
153
58
154
18
155
59
156
19
157
60
158
20
159
61
160
21
161
62
162
22
163
63
164
23
165
64
166
0.025 -0.04875000000000269 0
0.025 -0.0475000000000045 0
0.025 -0.04625000000000748 0
0.025 -0.04500000000001152 0
0.025 -0.04375000000001451 0
0.025 -0.04250000000001624 0
0.025 -0.04125000000001913 0
0.025 -0.04000000000002195 0
0.025 -0.03875000000002329 0
0.025 -0.03750000000002522 0
0.025 -0.03625000000002854 0
0.025 -0.03500000000003184 0
0.025 -0.0337500000000354 0
0.025 -0.03250000000003896 0
0.025 -0.03125000000004251 0
0.025 -0.03000000000004607 0
0.025 -0.02875000000004962 0
0.025 -0.02750000000005318 0
0.025 -0.02625000000005674 0
0.025 -0.0250000000000603 0
0.025 -0.02375000000006386 0
0.025 -0.02250000000006742 0
0.025 -0.02125000000007098 0
0.025 -0.02000000000007454 0
0.025 -0.0187500000000781 0
0.025 -0.01750000000008167 0
0.025 -0.01625000000008522 0
0.025 -0.01500000000008879 0
0.025 -0.01375000000009302 0
0.025 -0.01250000000009726 0
0.025 -0.0112500000001015 0
0.025 -0.01000000000010574 0
0.025 -0.008750000000109295 0
0.025 -0.007500000000112861 0
0.025 -0.006250000000116419 0
0.025 -0.005000000000119978 0
0.025 -0.003750000000123203 0
0.025 -0.002500000000126429 0
0.025 -0.001250000000129654 0
0.025 -1.328728793659195e-13 0
0.025 0.001249999999869932 0
0.025 0.002499999999872285 0
0.025 0.003749999999875589 0
0.025 0.004999999999878921 0
0.025 0.00624999999988176 0
0.025 0.007499999999885064 0
0.025 0.008749999999888701 0
0.025 0.009999999999893164 0
0.025 0.0112499999998974 0
0.025 0.01249999999990171 0
0.025 0.01374999999990358 0
0.025 0.01499999999990767 0
0.025 0.01624999999990985 0
0.025 0.01749999999991393 0
0.025 0.0187499999999149 0
0.025 0.01999999999991892 0
0.025 0.0212499999999248 0
0.025 0.02249999999992899 0
0.025 0.02374999999993146 0
0.025 0.02499999999993288 0
0.025 0.02624999999993731 0
0.025 0.02749999999993953 0
0.025 0.0287499999999437 0
0.025 0.02999999999994686 0
0.025 0.03124999999994975 0
0.025 0.03249999999995273 0
0.025 0.03374999999995555 0
0.025 0.03499999999995811 0
0.025 0.03624999999995826 0
0.025 0.03749999999996154 0
0.025 0.0387499999999666 0
0.025 0.03999999999997263 0
0.025 0.04124999999997667 0
0.025 0.04249999999998048 0
0.025 0.04374999999998357 0
0.025 0.04499999999998766 0
0.025 0.04624999999999155 0
0.025 0.04749999999999507 0
0.025 0.04874999999999706 0
1 3 0 3
167
65
168
0.01250000000003335 0.05 0
7.579353811237866e-14 0.05 0
-0.01249999999996772 0.05 0
1 4 0 79
169
66
170
24
171
67
172
25
173
68
174
26
175
69
176
27
177
70
178
28
179
71
180
29
181
72
182
30
183
73
184
31
185
74
186
32
187
75
188
33
189
76
190
34
191
77
192
35
193
78
194
36
195
79
196
37
197
80
198
38
199
81
200
39
201
82
202
40
203
83
204
41
205
84
206
42
207
85
208
-0.025 0.04875000000000269 0
-0.025 0.0475000000000045 0
-0.025 0.04625000000000748 0
-0.025 0.04500000000001152 0
-0.025 0.04375000000001451 0
-0.025 0.04250000000001624 0
-0.025 0.04125000000001913 0
-0.025 0.04000000000002195 0
-0.025 0.03875000000002329 0
-0.025 0.03750000000002522 0
-0.025 0.03625000000002854 0
-0.025 0.03500000000003184 0
-0.025 0.0337500000000354 0
-0.025 0.03250000000003896 0
-0.025 0.03125000000004251 0
-0.025 0.03000000000004607 0
-0.025 0.02875000000004962 0
-0.025 0.02750000000005318 0
-0.025 0.02625000000005674 0
-0.025 0.0250000000000603 0
-0.025 0.02375000000006386 0
-0.025 0.02250000000006742 0
-0.025 0.02125000000007098 0
-0.025 0.02000000000007454 0
-0.025 0.0187500000000781 0
-0.025 0.01750000000008167 0
-0.025 0.01625000000008522 0
-0.025 0.01500000000008879 0
-0.025 0.01375000000009302 0
-0.025 0.01250000000009726 0
-0.025 0.0112500000001015 0
-0.025 0.01000000000010574 0
-0.025 0.008750000000109295 0
-0.025 0.007500000000112861 0
-0.025 0.006250000000116419 0
-0.025 0.005000000000119978 0
-0.025 0.003750000000123203 0
-0.025 0.002500000000126429 0
-0.025 0.001250000000129654 0
-0.025 1.328728793659195e-13 0
-0.025 -0.001249999999869932 0
-0.025 -0.002499999999872285 0
-0.025 -0.003749999999875589 0
-0.025 -0.004999999999878921 0
-0.025 -0.00624999999988176 0
-0.025 -0.007499999999885064 0
-0.025 -0.008749999999888701 0
-0.025 -0.009999999999893164 0
-0.025 -0.0112499999998974 0
-0.025 -0.01249999999990171 0
-0.025 -0.01374999999990358 0
-0.025 -0.01499999999990767 0
-0.025 -0.01624999999990985 0
-0.025 -0.01749999999991393 0
-0.025 -0.0187499999999149 0
-0.025 -0.01999999999991892 0
-0.025 -0.0212499999999248 0
-0.025 -0.02249999999992899 0
-0.025 -0.02374999999993146 0
-0.025 -0.02499999999993288 0
-0.025 -0.02624999999993731 0
-0.025 -0.02749999999993953 0
-0.025 -0.0287499999999437 0
-0.025 -0.02999999999994686 0
-0.025 -0.03124999999994975 0
-0.025 -0.03249999999995273 0
-0.025 -0.03374999999995555 0
-0.025 -0.03499999999995811 0
-0.025 -0.03624999999995826 0
-0.025 -0.03749999999996154 0
-0.025 -0.0387499999999666 0
-0.025 -0.03999999999997263 0
-0.025 -0.04124999999997667 0
-0.025 -0.04249999999998048 0
-0.025 -0.04374999999998357 0
-0.025 -0.04499999999998766 0
-0.025 -0.04624999999999155 0
-0.025 -0.04749999999999507 0
-0.025 -0.04874999999999706 0
2 6 0 237
86
87
88
89
90
91
92
93
94
95
96
97
98
99
100
101
102
103
104
105
106
107
108
109
110
111
112
113
114
115
116
117
118
119
120
121
122
123
124
209
210
211
212
213
214
215
216
217
218
219
220
221
222
223
224
225
226
227
228
229
230
231
232
233
234
235
236
237
238
239
240
241
242
243
244
245
246
247
248
249
250
251
252
253
254
255
256
257
258
259
260
261
262
263
264
265
266
267
268
269
270
271
272
273
274
275
276
277
278
279
280
281
282
283
284
285
286
287
288
289
290
291
292
293
294
295
296
297
298
299
300
301
302
303
304
305
306
307
308
309
310
311
312
313
314
315
316
317
318
319
320
321
322
323
324
325
326
327
328
329
330
331
332
333
334
335
336
337
338
339
340
341
342
343
344
345
346
347
348
349
350
351
352
353
354
355
356
357
358
359
360
361
362
363
364
365
366
367
368
369
370
371
372
373
374
375
376
377
378
379
380
381
382
383
384
385
386
387
388
389
390
391
392
393
394
395
396
397
398
399
400
401
402
403
404
405
406
0 -0.04499999999999959 0
-3.789676905618933e-14 -0.04749999999999979 0
0 -0.03999999999999729 0
0 -0.04249999999999836 0
0 -0.03499999999999497 0
0 -0.03749999999999337 0
0 -0.02999999999999647 0
0 -0.03249999999999584 0
0 -0.02499999999999659 0
0 -0.02749999999999636 0
0 -0.01999999999999673 0
0 -0.02249999999999821 0
0 -0.01499999999999823 0
0 -0.0174999999999978 0
0 -0.00999999999999945 0
0 -0.01249999999999949 0
0 -0.004999999999999449 0
0 -0.007499999999998962 0
0 0 0
0 -0.002499999999999357 0
0 0.004999999999999449 0
0 0.002499999999999357 0
0 0.00999999999999945 0
0 0.007499999999998962 0
0 0.01499999999999823 0
0 0.01249999999999949 0
0 0.01999999999999673 0
0 0.0174999999999978 0
0 0.02499999999999659 0
0 0.02249999999999821 0
0 0.02999999999999647 0
0 0.02749999999999636 0
0 0.03499999999999497 0
0 0.03249999999999584 0
0 0.03999999999999729 0
0 0.03749999999999337 0
0 0.04499999999999959 0
0 0.04249999999999836 0
3.789676905618933e-14 0.04749999999999979 0
-5.684515358428399e-14 -0.0487499999999999 0
-0.01250000000001895 -0.04749999999999743 0
-0.01250000000002615 -0.04874999999999848 0
0.01249999999998105 -0.04750000000000214 0
0.01249999999997439 -0.04875000000000129 0
0.0125 -0.04500000000000555 0
-1.894838452809466e-14 -0.04624999999999969 0
0.01249999999999053 -0.04625000000000358 0
-0.0125 -0.04499999999999363 0
-0.01250000000000947 -0.04624999999999562 0
0 -0.04374999999999897 0
-0.0125 -0.04249999999998942 0
-0.0125 -0.04374999999999126 0
0.0125 -0.0425000000000073 0
0.0125 -0.04375000000000674 0
0.0125 -0.04000000000000962 0
0 -0.04124999999999782 0
0.0125 -0.04125000000000848 0
-0.0125 -0.03999999999998496 0
-0.0125 -0.04124999999998725 0
0 -0.03874999999999533 0
-0.0125 -0.03749999999997745 0
-0.0125 -0.03874999999998097 0
0.0125 -0.0375000000000093 0
0.0125 -0.03875000000000931 0
0.0125 -0.03500000000001341 0
0 -0.03624999999999418 0
0.0125 -0.03625000000001136 0
-0.0125 -0.03499999999997654 0
-0.0125 -0.03624999999997622 0
0 -0.03374999999999541 0
-0.0125 -0.03249999999997429 0
-0.0125 -0.03374999999997548 0
0.0125 -0.0325000000000174 0
0.0125 -0.03375000000001541 0
0.0125 -0.03000000000002127 0
0 -0.03124999999999616 0
0.0125 -0.03125000000001933 0
-0.0125 -0.02999999999997166 0
-0.0125 -0.03124999999997295 0
0 -0.02874999999999641 0
-0.0125 -0.02749999999996795 0
-0.0125 -0.02874999999997006 0
0.0125 -0.02750000000002477 0
0.0125 -0.02875000000002301 0
0.0125 -0.02500000000002844 0
0 -0.02624999999999647 0
0.0125 -0.02625000000002661 0
-0.0125 -0.02499999999996473 0
-0.0125 -0.02624999999996689 0
0 -0.0237499999999974 0
-0.0125 -0.0224999999999636 0
-0.0125 -0.02374999999996443 0
0.0125 -0.02250000000003281 0
0.0125 -0.02375000000003063 0
0.0125 -0.02000000000003564 0
0 -0.02124999999999747 0
0.0125 -0.02125000000003422 0
-0.0125 -0.01999999999995782 0
-0.0125 -0.02124999999996113 0
0 -0.01874999999999726 0
-0.0125 -0.01749999999995586 0
-0.0125 -0.01874999999995608 0
0.0125 -0.01750000000003973 0
0.0125 -0.01875000000003768 0
0.0125 -0.01500000000004351 0
0 -0.01624999999999802 0
0.0125 -0.01625000000004162 0
-0.0125 -0.01499999999995295 0
-0.0125 -0.01624999999995393 0
0 -0.01374999999999886 0
-0.0125 -0.0124999999999506 0
-0.0125 -0.01374999999995122 0
0.0125 -0.01250000000004837 0
0.0125 -0.01375000000004594 0
0.0125 -0.01000000000005259 0
0 -0.01124999999999947 0
0.0125 -0.01125000000005048 0
-0.0125 -0.009999999999946307 0
-0.0125 -0.01124999999994843 0
0 -0.008749999999999206 0
-0.0125 -0.007499999999942013 0
-0.0125 -0.008749999999943954 0
0.0125 -0.007500000000055912 0
0.0125 -0.008750000000054251 0
0.0125 -0.005000000000059714 0
0 -0.006249999999999206 0
0.0125 -0.006250000000057813 0
-0.0125 -0.004999999999939185 0
-0.0125 -0.006249999999940483 0
0 -0.003749999999999403 0
-0.0125 -0.002499999999935821 0
-0.0125 -0.003749999999937496 0
0.0125 -0.002500000000062893 0
0.0125 -0.003750000000061303 0
0.0125 -6.643643968295976e-14 0
0 -0.001249999999999678 0
0.0125 -0.001250000000064666 0
-0.0125 6.643643968295976e-14 0
-0.0125 -0.001249999999934805 0
0 0.001249999999999678 0
-0.0125 0.002500000000062893 0
-0.0125 0.001250000000064666 0
0.0125 0.002499999999935821 0
0.0125 0.001249999999934805 0
0.0125 0.004999999999939185 0
0 0.003749999999999403 0
0.0125 0.003749999999937496 0
-0.0125 0.005000000000059714 0
-0.0125 0.003750000000061303 0
0 0.006249999999999206 0
-0.0125 0.007500000000055912 0
-0.0125 0.006250000000057813 0
0.0125 0.007499999999942013 0
0.0125 0.006249999999940483 0
0.0125 0.009999999999946307 0
0 0.008749999999999206 0
0.0125 0.008749999999943954 0
-0.0125 0.01000000000005259 0
-0.0125 0.008750000000054251 0
0 0.01124999999999947 0
-0.0125 0.01250000000004837 0
-0.0125 0.01125000000005048 0
0.0125 0.0124999999999506 0
0.0125 0.01124999999994843 0
0.0125 0.01499999999995295 0
0 0.01374999999999886 0
0.0125 0.01374999999995122 0
-0.0125 0.01500000000004351 0
-0.0125 0.01375000000004594 0
0 0.01624999999999802 0
-0.0125 0.01750000000003973 0
-0.0125 0.01625000000004162 0
0.0125 0.01749999999995586 0
0.0125 0.01624999999995393 0
0.0125 0.01999999999995782 0
0 0.01874999999999726 0
0.0125 0.01874999999995608 0
-0.0125 0.02000000000003564 0
-0.0125 0.01875000000003768 0
0 0.02124999999999747 0
-0.0125 0.02250000000003281 0
-0.0125 0.02125000000003422 0
0.0125 0.0224999999999636 0
0.0125 0.02124999999996113 0
0.0125 0.02499999999996473 0
0 0.0237499999999974 0
0.0125 0.02374999999996443 0
-0.0125 0.02500000000002844 0
-0.0125 0.02375000000003063 0
0 0.02624999999999647 0
-0.0125 0.02750000000002477 0
-0.0125 0.02625000000002661 0
0.0125 0.02749999999996795 0
0.0125 0.02624999999996689 0
0.0125 0.02999999999997166 0
0 0.02874999999999641 0
0.0125 0.02874999999997005 0
-0.0125 0.03000000000002127 0
-0.0125 0.02875000000002301 0
0 0.03124999999999616 0
-0.0125 0.0325000000000174 0
-0.0125 0.03125000000001933 0
0.0125 0.03249999999997429 0
0.0125 0.03124999999997295 0
0.0125 0.03499999999997654 0
0 0.03374999999999541 0
0.0125 0.03374999999997548 0
-0.0125 0.03500000000001341 0
-0.0125 0.03375000000001541 0
0 0.03624999999999418 0
-0.0125 0.0375000000000093 0
-0.0125 0.03625000000001136 0
0.0125 0.03749999999997745 0
0.0125 0.03624999999997622 0
0.0125 0.03999999999998496 0
0 0.03874999999999533 0
0.0125 0.03874999999998097 0
-0.0125 0.04000000000000962 0
-0.0125 0.03875000000000931 0
0 0.04124999999999782 0
-0.0125 0.0425000000000073 0
-0.0125 0.04125000000000847 0
0.0125 0.04249999999998942 0
0.0125 0.04124999999998725 0
0.0125 0.04499999999999363 0
0 0.04374999999999897 0
0.0125 0.04374999999999127 0
-0.0125 0.04500000000000555 0
-0.0125 0.04375000000000674 0
1.894838452809466e-14 0.04624999999999969 0
-0.01249999999998105 0.04750000000000214 0
-0.01249999999999053 0.04625000000000359 0
0.01250000000001895 0.04749999999999743 0
0.01250000000000948 0.04624999999999562 0
5.684515358428399e-14 0.0487499999999999 0
0.01250000000002615 0.04874999999999849 0
-0.01249999999997438 0.04875000000000129 0
$EndNodes
$Elements
5 488 457 944
1 1 1 4
457 1 125 
458 125 44 
459 44 126 
460 126 2 
1 2 1 80
461 2 127 
462 127 45 
463 45 128 
464 128 5 
465 5 129 
466 129 46 
467 46 130 
468 130 6 
469 6 131 
470 131 47 
471 47 132 
472 132 7 
473 7 133 
474 133 48 
475 48 134 
476 134 8 
477 8 135 
478 135 49 
479 49 136 
480 136 9 
481 9 137 
482 137 50 
483 50 138 
484 138 10 
485 10 139 
486 139 51 
487 51 140 
488 140 11 
489 11 141 
490 141 52 
491 52 142 
492 142 12 
493 12 143 
494 143 53 
495 53 144 
496 144 13 
497 13 145 
498 145 54 
499 54 146 
500 146 14 
501 14 147 
502 147 55 
503 55 148 
504 148 15 
505 15 149 
506 149 56 
507 56 150 
508 150 16 
509 16 151 
510 151 57 
511 57 152 
512 152 17 
513 17 153 
514 153 58 
515 58 154 
516 154 18 
517 18 155 
518 155 59 
519 59 156 
520 156 19 
521 19 157 
522 157 60 
523 60 158 
524 158 20 
525 20 159 
526 159 61 
527 61 160 
528 160 21 
529 21 161 
530 161 62 
531 62 162 
532 162 22 
533 22 163 
534 163 63 
535 63 164 
536 164 23 
537 23 165 
538 165 64 
539 64 166 
540 166 3 
1 3 1 4
541 3 167 
542 167 65 
543 65 168 
544 168 4 
1 4 1 80
545 4 169 
546 169 66 
547 66 170 
548 170 24 
549 24 171 
550 171 67 
551 67 172 
552 172 25 
553 25 173 
554 173 68 
555 68 174 
556 174 26 
557 26 175 
558 175 69 
559 69 176 
560 176 27 
561 27 177 
562 177 70 
563 70 178 
564 178 28 
565 28 179 
566 179 71 
567 71 180 
568 180 29 
569 29 181 
570 181 72 
571 72 182 
572 182 30 
573 30 183 
574 183 73 
575 73 184 
576 184 31 
577 31 185 
578 185 74 
579 74 186 
580 186 32 
581 32 187 
582 187 75 
583 75 188 
584 188 33 
585 33 189 
586 189 76 
587 76 190 
588 190 34 
589 34 191 
590 191 77 
591 77 192 
592 192 35 
593 35 193 
594 193 78 
595 78 194 
596 194 36 
597 36 195 
598 195 79 
599 79 196 
600 196 37 
601 37 197 
602 197 80 
603 80 198 
604 198 38 
605 38 199 
606 199 81 
607 81 200 
608 200 39 
609 39 201 
610 201 82 
611 82 202 
612 202 40 
613 40 203 
614 203 83 
615 83 204 
616 204 41 
617 41 205 
618 205 84 
619 84 206 
620 206 42 
621 42 207 
622 207 85 
623 85 208 
624 208 1 
2 6 3 320
625 1 125 211 208 
626 125 44 209 211 
627 211 209 87 210 
628 208 211 210 85 
629 44 126 213 209 
630 126 2 127 213 
631 213 127 45 212 
632 209 213 212 87 
633 87 212 216 215 
634 212 45 128 216 
635 216 128 5 214 
636 215 216 214 86 
637 85 210 218 207 
638 210 87 215 218 
639 218 215 86 217 
640 207 218 217 42 
641 42 217 221 206 
642 217 86 219 221 
643 221 219 89 220 
644 206 221 220 84 
645 86 214 223 219 
646 214 5 129 223 
647 223 129 46 222 
648 219 223 222 89 
649 89 222 226 225 
650 222 46 130 226 
651 226 130 6 224 
652 225 226 224 88 
653 84 220 228 205 
654 220 89 225 228 
655 228 225 88 227 
656 205 228 227 41 
657 41 227 231 204 
658 227 88 229 231 
659 231 229 91 230 
660 204 231 230 83 
661 88 224 233 229 
662 224 6 131 233 
663 233 131 47 232 
664 229 233 232 91 
665 91 232 236 235 
666 232 47 132 236 
667 236 132 7 234 
668 235 236 234 90 
669 83 230 238 203 
670 230 91 235 238 
671 238 235 90 237 
672 203 238 237 40 
673 40 237 241 202 
674 237 90 239 241 
675 241 239 93 240 
676 202 241 240 82 
677 90 234 243 239 
678 234 7 133 243 
679 243 133 48 242 
680 239 243 242 93 
681 93 242 246 245 
682 242 48 134 246 
683 246 134 8 244 
684 245 246 244 92 
685 82 240 248 201 
686 240 93 245 248 
687 248 245 92 247 
688 201 248 247 39 
689 39 247 251 200 
690 247 92 249 251 
691 251 249 95 250 
692 200 251 250 81 
693 92 244 253 249 
694 244 8 135 253 
695 253 135 49 252 
696 249 253 252 95 
697 95 252 256 255 
698 252 49 136 256 
699 256 136 9 254 
700 255 256 254 94 
701 81 250 258 199 
702 250 95 255 258 
703 258 255 94 257 
704 199 258 257 38 
705 38 257 261 198 
706 257 94 259 261 
707 261 259 97 260 
708 198 261 260 80 
709 94 254 263 259 
710 254 9 137 263 
711 263 137 50 262 
712 259 263 262 97 
713 97 262 266 265 
714 262 50 138 266 
715 266 138 10 264 
716 265 266 264 96 
717 80 260 268 197 
718 260 97 265 268 
719 268 265 96 267 
720 197 268 267 37 
721 37 267 271 196 
722 267 96 269 271 
723 271 269 99 270 
724 196 271 270 79 
725 96 264 273 269 
726 264 10 139 273 
727 273 139 51 272 
728 269 273 272 99 
729 99 272 276 275 
730 272 51 140 276 
731 276 140 11 274 
732 275 276 274 98 
733 79 270 278 195 
734 270 99 275 278 
735 278 275 98 277 
736 195 278 277 36 
737 36 277 281 194 
738 277 98 279 281 
739 281 279 101 280 
740 194 281 280 78 
741 98 274 283 279 
742 274 11 141 283 
743 283 141 52 282 
744 279 283 282 101 
745 101 282 286 285 
746 282 52 142 286 
747 286 142 12 284 
748 285 286 284 100 
749 78 280 288 193 
750 280 101 285 288 
751 288 285 100 287 
752 193 288 287 35 
753 35 287 291 192 
754 287 100 289 291 
755 291 289 103 290 
756 192 291 290 77 
757 100 284 293 289 
758 284 12 143 293 
759 293 143 53 292 
760 289 293 292 103 
761 103 292 296 295 
762 292 53 144 296 
763 296 144 13 294 
764 295 296 294 102 
765 77 290 298 191 
766 290 103 295 298 
767 298 295 102 297 
768 191 298 297 34 
769 34 297 301 190 
770 297 102 299 301 
771 301 299 105 300 
772 190 301 300 76 
773 102 294 303 299 
774 294 13 145 303 
775 303 145 54 302 
776 299 303 302 105 
777 105 302 306 305 
778 302 54 146 306 
779 306 146 14 304 
780 305 306 304 104 
781 76 300 308 189 
782 300 105 305 308 
783 308 305 104 307 
784 189 308 307 33 
785 33 307 311 188 
786 307 104 309 311 
787 311 309 107 310 
788 188 311 310 75 
789 104 304 313 309 
790 304 14 147 313 
791 313 147 55 312 
792 309 313 312 107 
793 107 312 316 315 
794 312 55 148 316 
795 316 148 15 314 
796 315 316 314 106 
797 75 310 318 187 
798 310 107 315 318 
799 318 315 106 317 
800 187 318 317 32 
801 32 317 321 186 
802 317 106 319 321 
803 321 319 109 320 
804 186 321 320 74 
805 106 314 323 319 
806 314 15 149 323 
807 323 149 56 322 
808 319 323 322 109 
809 109 322 326 325 
810 322 56 150 326 
811 326 150 16 324 
812 325 326 324 108 
813 74 320 328 185 
814 320 109 325 328 
815 328 325 108 327 
816 185 328 327 31 
817 31 327 331 184 
818 327 108 329 331 
819 331 329 111 330 
820 184 331 330 73 
821 108 324 333 329 
822 324 16 151 333 
823 333 151 57 332 
824 329 333 332 111 
825 111 332 336 335 
826 332 57 152 336 
827 336 152 17 334 
828 335 336 334 110 
829 73 330 338 183 
830 330 111 335 338 
831 338 335 110 337 
832 183 338 337 30 
833 30 337 341 182 
834 337 110 339 341 
835 341 339 113 340 
836 182 341 340 72 
837 110 334 343 339 
838 334 17 153 343 
839 343 153 58 342 
840 339 343 342 113 
841 113 342 346 345 
842 342 58 154 346 
843 346 154 18 344 
844 345 346 344 112 
845 72 340 348 181 
846 340 113 345 348 
847 348 345 112 347 
848 181 348 347 29 
849 29 347 351 180 
850 347 112 349 351 
851 351 349 115 350 
852 180 351 350 71 
853 112 344 353 349 
854 344 18 155 353 
855 353 155 59 352 
856 349 353 352 115 
857 115 352 356 355 
858 352 59 156 356 
859 356 156 19 354 
860 355 356 354 114 
861 71 350 358 179 
862 350 115 355 358 
863 358 355 114 357 
864 179 358 357 28 
865 28 357 361 178 
866 357 114 359 361 
867 361 359 117 360 
868 178 361 360 70 
869 114 354 363 359 
870 354 19 157 363 
871 363 157 60 362 
872 359 363 362 117 
873 117 362 366 365 
874 362 60 158 366 
875 366 158 20 364 
876 365 366 364 116 
877 70 360 368 177 
878 360 117 365 368 
879 368 365 116 367 
880 177 368 367 27 
881 27 367 371 176 
882 367 116 369 371 
883 371 369 119 370 
884 176 371 370 69 
885 116 364 373 369 
886 364 20 159 373 
887 373 159 61 372 
888 369 373 372 119 
889 119 372 376 375 
890 372 61 160 376 
891 376 160 21 374 
892 375 376 374 118 
893 69 370 378 175 
894 370 119 375 378 
895 378 375 118 377 
896 175 378 377 26 
897 26 377 381 174 
898 377 118 379 381 
899 381 379 121 380 
900 174 381 380 68 
901 118 374 383 379 
902 374 21 161 383 
903 383 161 62 382 
904 379 383 382 121 
905 121 382 386 385 
906 382 62 162 386 
907 386 162 22 384 
908 385 386 384 120 
909 68 380 388 173 
910 380 121 385 388 
911 388 385 120 387 
912 173 388 387 25 
913 25 387 391 172 
914 387 120 389 391 
915 391 389 123 390 
916 172 391 390 67 
917 120 384 393 389 
918 384 22 163 393 
919 393 163 63 392 
920 389 393 392 123 
921 123 392 396 395 
922 392 63 164 396 
923 396 164 23 394 
924 395 396 394 122 
925 67 390 398 171 
926 390 123 395 398 
927 398 395 122 397 
928 171 398 397 24 
929 24 397 401 170 
930 397 122 399 401 
931 401 399 124 400 
932 170 401 400 66 
933 122 394 403 399 
934 394 23 165 403 
935 403 165 64 402 
936 399 403 402 124 
937 124 402 405 404 
938 402 64 166 405 
939 405 166 3 167 
940 404 405 167 65 
941 66 400 406 169 
942 400 124 404 406 
943 406 404 65 168 
944 169 406 168 4 
$EndElements
